$ANSIBLE_VAULT;1.1;AES256
37323536663262623764663936386332653164666335613464316337336163333830626238663166
3838616639626432653462386662373264643962353234360a343230383638663134646561303536
64336335633462373263666339326265623261623138343663646530386661333761306264656665
3837363234653261640a646236396333386334613964613736353663383938383963656435626336
37366234316230323838643039653965653162623562373630633663636134333964356439623762
32626531303164376232613862326163623036396139376161636331373762383965353138313134
61333661333437666563326463623537353866353865303336353264613066316232643731396436
36323635383932376134313564346132333661313065313632653364653639653639316534333136
33653835333462333630623935383837373636303338313062383131353465336630393634653432
65386135373134643734363836663862343836646535666537326566343136316561343062353765
39336631663566636139613663666336306266326632373834636666363761353130363963363534
37363535333035646563616633373934653932363038383662633736386632313533313661623033
66323234396137373932623563363064666566356531386138353733626230326336353838653566
61663462663437643333613764613961386566623338663137376131643762653864623365343332
66333739356334396433393938663439623430626563623862363239616237396633636165373532
36613339396162653835333037623938643962653430336561393166333634636261663330366466
66366232323433306638613936646333363230343465343566383235346430663031613938366361
37373537356663363161323633343465646634333334373632396161633931656434613464636331
39363539366330646635346435353733653462303762633466633236343736343232366263383566
66313738363131646238663162313661393363623234373764323662316337643962663031623733
34376233636562636565613130346230346539356565343132636637343032353238613632373565
33346531363836303763303837616364313938376132393831323265356431333833623233323066
61306539386630613233373665656533393164373538386232306632333762336236386436643633
36303634616363346566626633633064323539336533623134303336373434383131316532323863
63303866346232373233313834643734643133313232383939336565633038306135613165363037
61383038376332353663363932343637613732343734373463303332323336306530366365303437
36303239663037346333666166303365653462393730653462363332306562323432653938643961
36653366616636393461616134626335616530326631633861373361336238393164346437376330
63363232366430316662656434616532336162636430346162646136366438383633393533623438
65323363343664666138323033633161656662353266353536396466346131623930303062383439
35343062393237613966636265333863656639343837356237363339633135636232376366663432
34363561663535303438303831366465616635386662643338346265633838623236393332356665
38356239343463356535653363353365663363383666663636303230623764623439656332303933
33346135613030306366616561356434376232313730303634626136666266376664313732346334
38623331643963386231623561653166363766633538653039633263353161353934303162613466
33313162383062343864653135366239353235343565303739616565316364646334363335643034
38306164633736633632303039383962376164343963373631623362336537656230313261326338
66316563656439346166623730316332663064313533386364643939653136376166613166343366
66356531633638643634396364363133663462383963373665303262353963393139363939646363
32386338343138616636633035623162666561303836363661383730666538323932653562386464
36376165363561336137313733656463653232326663303336663264386336383931366435306530
61366134346636303437313266313065633838313365636162623761303263346361393132663463
34383936383964303135396462333732366666306134306664343133336661336136303638663264
30366636643236366564313063336533343338306335633335353564363961613932366662666263
61323764363230373730653863343230613034383662633137366664623130633036636336386235
38376663393266393830356230303334383566373562616238373133363966626434393763396463
65626336653535303066623233393735373339643035666265303664383631316139313564663763
65383130633663636465663630613961643935356630656232303936666339626230656232643437
62363130613661383539343738343231383439306532613361366237303963346465663066623631
39333061323938396334613966636238306330626333313332363730623931363430633630333133
66613966353233626261633563356439623861373530303066313238383331616461643761633765
65646162396561376566383531626661376561343132333537616462313438356366346636316138
64626264646462363066396661323865313430666538326461353666363864336464356237336639
32633762656537643036313137353362626237613065633038326362336432373631393166343034
36386238396133323434363764656463343666386633336337643236383161653939326161393563
34356138343435616364623261663865613835313865376332303738666137653932383134333464
32396239346464613264326362393131353333626562326563663763616564363662663734613761
32616366353839323139303465336162613339316664306131386434303036623534323735356661
61393564613638663236623262616562343965646138633437383038663066656535366234643635
62383430313661313537346431626166633263643863663930333639653564396133613865646464
33333066366336613162313937356336366337313130626139353665353666356662666633653937
33336466333133373964653336363132353836343933663364383634356638613462313166653634
38353363356333373934383163313166333236396661353632373339663038623965326537393162
32396233326532353865383133373032323430643164356562616235333737373830396532616434
65323331623336323836343130626537646336326665636430346238363038623566396166336337
66346239346266326666626130393263306264383362663233643461373638643734336634626135
66386631353165303861376536663833626436346331333463646131316534363363613132386439
63636639366330626266343538653530333239653966663031396534633066333936613639333938
30313933616131326536666338343539303265633861356237636463393232306534656538313539
39353561393963333335393235613336373861666665316234353762663533346234383362343331
61626231643731313266613830346238613433663933653637343638366665653038396661313266
34343365653663643061366334333066613738303232383263323336653135313630353931613863
39373561346261303861373664323230363035646637366431623933646631306139313637633530
38323337653565333237313639633365633535653434386332373138636566326363616236373263
34343132363664393030643539376364333636343166663339656364656265643639653839373063
63633237376561326437636238313738393361653466303433306136663565333838666462363432
64636432343833383236656331653564346330363232626465396564353464303030646463363964
31396366633835346132353731366261633833623961346564623565326665353639336266623339
39376531306533316239363562316131376436383130333938626239626665333866316635643536
62623465353038393365616432643939313137326361366238343733333832313439336237666162
64363530653939326666316139613066303735666333656333626136633039316630353735363563
30663537623738313331643831666461303034613064393035366463306135306639633865333763
33376364363331613030616162663761303830636462663037613761353565366338653264373737
66306230646366663931633365326361343639316261613031313232643338333764656464616139
31313135663836653065333236633039306166316135353265633966303936373731333131643539
62653364396465346137623739366534386533663538616631613134313464353836653064633539
34363565323565353064653237356635376333386566663164316362623039373737666565326338
65343030326636393730363034393735313036396139343036663039316331633237373462393038
35653731383862613565656162363064363538386561373366393365636339326264356439613233
37633439636335613131383365663332666666653336343837396166323835353336376334363164
34663763663431663136373566356332646431613264313535366262616536313562303361393863
35366438346235353766643064323439633332343738336265396666343438306332376261663139
30653266663061646532663430373837613031376338346138373935663433343235396338633561
35666137326363373238613062343731363261393561373137633665303036623464393637373265
66323235663266643161623532303861633462353536633837363561386161613061653633643239
31303834613230343065333932303266383562393639306136656239613166663133373166343539
32326134376132626335396430613464633865306361306131323031316638396663376432336138
33656464313534626361376632663465623838643032366464643064363262386564663864303061
32626631353666303331666438336539343631646630343938613161396237313263626166346333
38643531313362333536333139396138343264643634636539646532633836326165663765653362
39623239613533363334336266373638656539366235323162313433616337616164643235313365
32623639353038653064623034666232373536343933643666323933636134366431313937653732
33623363626536373031326661373235303261633038366633366266306337336535613861633831
31643632306464333035
